2:6:14:27:39:44:39:27:14:6:2:
6:18:44:82:119:135:119:82:44:18:6:
14:44:105:197:287:325:287:197:105:44:14:
27:82:197:368:535:607:535:368:197:82:27:
39:119:287:535:779:882:779:535:287:119:39:
44:135:325:607:882:1000:882:607:325:135:44:
39:119:287:535:779:882:779:535:287:119:39:
27:82:197:368:535:607:535:368:197:82:27:
14:44:105:197:287:325:287:197:105:44:14:
6:18:44:82:119:135:119:82:44:18:6:
2:6:14:27:39:44:39:27:14:6:2: