3:5:8:11:16:21:27:34:41:47:52:55:56:55:52:47:41:34:27:21:16:11:8:5:3:
5:8:12:18:25:33:43:54:65:74:82:87:89:87:82:74:65:54:43:33:25:18:12:8:5:
8:12:18:27:38:51:66:82:98:113:125:133:135:133:125:113:98:82:66:51:38:27:18:12:8:
11:18:27:39:55:74:96:120:144:165:183:194:198:194:183:165:144:120:96:74:55:39:27:18:11:
16:25:38:55:77:104:135:169:202:232:257:273:278:273:257:232:202:169:135:104:77:55:38:25:16:
21:33:51:74:104:141:183:228:273:313:346:368:375:368:346:313:273:228:183:141:104:74:51:33:21:
27:43:66:96:135:183:237:295:353:407:449:477:487:477:449:407:353:295:237:183:135:96:66:43:27:
34:54:82:120:169:228:295:368:440:507:560:595:607:595:560:507:440:368:295:228:169:120:82:54:34:
41:65:98:144:202:273:353:440:527:607:670:712:726:712:670:607:527:440:353:273:202:144:98:65:41:
47:74:113:165:232:313:407:507:607:698:771:819:835:819:771:698:607:507:407:313:232:165:113:74:47:
52:82:125:183:257:346:449:560:670:771:852:905:923:905:852:771:670:560:449:346:257:183:125:82:52:
55:87:133:194:273:368:477:595:712:819:905:961:980:961:905:819:712:595:477:368:273:194:133:87:55:
56:89:135:198:278:375:487:607:726:835:923:980:1000:980:923:835:726:607:487:375:278:198:135:89:56:
55:87:133:194:273:368:477:595:712:819:905:961:980:961:905:819:712:595:477:368:273:194:133:87:55:
52:82:125:183:257:346:449:560:670:771:852:905:923:905:852:771:670:560:449:346:257:183:125:82:52:
47:74:113:165:232:313:407:507:607:698:771:819:835:819:771:698:607:507:407:313:232:165:113:74:47:
41:65:98:144:202:273:353:440:527:607:670:712:726:712:670:607:527:440:353:273:202:144:98:65:41:
34:54:82:120:169:228:295:368:440:507:560:595:607:595:560:507:440:368:295:228:169:120:82:54:34:
27:43:66:96:135:183:237:295:353:407:449:477:487:477:449:407:353:295:237:183:135:96:66:43:27:
21:33:51:74:104:141:183:228:273:313:346:368:375:368:346:313:273:228:183:141:104:74:51:33:21:
16:25:38:55:77:104:135:169:202:232:257:273:278:273:257:232:202:169:135:104:77:55:38:25:16:
11:18:27:39:55:74:96:120:144:165:183:194:198:194:183:165:144:120:96:74:55:39:27:18:11:
8:12:18:27:38:51:66:82:98:113:125:133:135:133:125:113:98:82:66:51:38:27:18:12:8:
5:8:12:18:25:33:43:54:65:74:82:87:89:87:82:74:65:54:43:33:25:18:12:8:5:
3:5:8:11:16:21:27:34:41:47:52:55:56:55:52:47:41:34:27:21:16:11:8:5:3: